612345789
345789612
789612345
123457896
457896123
896123457
234578961
578961234
961234578

612345789
345789612
789612345
123457896
457896123
896123457
234578961
961234578
578961234

612345789
345789612
789612345
123457896
457896123
896123457
578961234
234578961
961234578

612345789
345789612
789612345
123457896
457896123
896123457
578961234
961234578
234578961

612345789
345789612
789612345
123457896
457896123
896123457
961234578
234578961
578961234

612345789
345789612
789612345
123457896
457896123
896123457
961234578
578961234
234578961

612345789
345789612
789612345
123457896
896123457
457896123
234578961
578961234
961234578

612345789
345789612
789612345
123457896
896123457
457896123
234578961
961234578
578961234
